[1,0,4,2,7,5,3,6]
[0.8174589136033938,2.8700708833724497e-09,0.9999153715241814,0.27094713647952373]
----------------------------------------------------------------
[11,15,21,10,3,13,18,1,8,16,20,17,4,7,19,9]
[0.1069343465387193,0.9999998261616174,0.9999966716741138,0.16414190559442346,0.9999997047995788,0.36420614835493786,0.9999999942825613,0.6794569219541405]
----------------------------------------------------------------
[20,26,34,3,28,13,21,45,16,9,22,23,29,44,39,6]
[0.8832417821839705,9.922516043895291e-05,2.40838100747187e-08,0.19514538431036715,0.9998033310886351,0.2672613996686407,0.05011187461601441,2.971464258690323e-09]
----------------------------------------------------------------
[19,14,16,17,28,45,2,7,42,3,5,36,13,33,25,8]
[0.10404241023769828,0.13861137077985342,5.602328236794143e-10,0.975387994714765,0.8755327189714991,0.9885454133062257,8.272868235728245e-11,0.5480960481987057]
----------------------------------------------------------------
[0,2,13,44,23,42,16,19,46,39,22,40,26,3,47,5]
[0.8392847664401674,0.8425627144414823,0.7888142531100536,0.5659761062668243,0.4630317309700697,0.999999999956739,0.5006333303429252,0.5696748292187952]
----------------------------------------------------------------
[38,45,25,43,28,17,44,47,6,27,20,23,8,35,32,34]
[0.12215396484338903,0.6360380102262418,0.3626244453272099,0.24975461531162302,0.14614397537106616,0.8706787458253242,2.021780262385952e-06,0.8029175671837597]
----------------------------------------------------------------
[44,37,24,10,36,39,13,43,8,22,40,3,1,11,28,46]
[0.9999999998580166,0.1648130204641327,0.9223797866484525,0.17847287361534286,0.5475748755713689,0.7313737119103326,0.6137717761678949,0.7291566084625913]
----------------------------------------------------------------
[3,37,9,36,19,1,40,26,39,21,13,33,23,0,47,5]
[0.999999999395227,0.9202727363993048,0.2787345419049592,0.21625695208196227,0.9718908360485113,0.894147283601191,0.22909215907560038,0.634057565992106]
----------------------------------------------------------------
[42,46,47,1,27,17,38,24,7,33,16,10,2,41,12,5]
[0.6046397625348995,0.8053340861448689,0.6199930523879084,0.4130515195747668,0.7323890096889752,0.19969440382382653,0.9999899133492866,0.21613088962174254]
----------------------------------------------------------------
[36,47,4,6,27,1,3,13,28,11,30,43,46,9,34,25]
[0.9905158770928516,0.47123122153366037,0.5682637019505001,0.7048613730015141,0.5367740389279371,0.7174756591508681,0.13670010461934423,0.4557875720111043]
----------------------------------------------------------------

[0,8,4,3,6,1,2,7]
[0.999971399032283,0.2672384807871401,0.84930404330245,0.9999967163354929]
----------------------------------------------------------------
[23,3,11,16,17,9,22,13,20,12,5,8,2,14,10,18]
[0.8000372654608474,0.9999932688049363,0.7772612484581645,0.6001998707232096,5.657983941351129e-06,0.9999457697318578,0.9915402863885935,0.0002964242614895887]
----------------------------------------------------------------
[2,16,27,35,10,3,19,46,30,8,34,38,1,12,36,6]
[0.7929739142644309,0.9999136441702634,0.09107133411254484,0.17633662094090974,5.82264348559183e-06,0.9307862378052676,0.761913049573065,4.340091535233844e-09]
----------------------------------------------------------------
[15,25,10,17,41,21,7,24,47,26,29,6,45,39,8,36]
[0.0010084488633041668,0.044780563019862996,0.7291142786070334,0.999816270551312,0.9999971731720668,0.9999729851623955,0.3424411441185916,0.04441614347247138]
----------------------------------------------------------------
[14,36,0,30,43,34,28,2,29,39,32,18,37,31,21,8]
[0.3154948864784019,0.8161390336075119,0.9999929692086529,3.1541004722911035e-10,7.662923967481957e-05,0.00017398842828751063,0.8780548032590018,0.8345360510719493]
----------------------------------------------------------------
[22,46,19,7,21,1,32,20,25,5,27,15,34,38,4,13]
[0.06868011076861225,0.01064929244344903,0.10115264567806523,0.9999949021710437,6.391398196412912e-05,0.0015910400131404212,0.08509266309378749,0.05348884808891617]
----------------------------------------------------------------
[26,31,10,29,14,32,8,44,40,3,27,30,18,19,38,39]
[0.040910917003496805,0.13250357065352938,0.999938375241303,0.40601397433026637,0.8973278148096586,0.9981986407346612,0.46684601119816144,0.3254043216482724]
----------------------------------------------------------------
[2,35,32,36,17,19,10,39,44,23,8,21,43,33,5,47]
[0.4672903567322152,0.0004078609839502423,0.942310713899132,0.1505358630633033,0.557567070989259,0.6536268239908909,0.2337652356371579,0.47735287557494166]
----------------------------------------------------------------
[3,26,31,13,1,6,29,28,37,36,21,4,39,18,8,20]
[0.16433124148370548,0.9999995229356318,0.5377478368311244,0.8961000582184776,0.9877979197063402,0.31715515487602797,0.7938295433308613,0.971981685195579]
----------------------------------------------------------------
[43,11,18,21,20,45,39,31,42,8,40,32,4,38,15,37]
[5.770361704630446e-05,0.6604651576406698,0.235849390800277,0.6545003879814545,0.3073636276632282,0.414321813421598,0.5497108615665478,0.9839355714776461]
----------------------------------------------------------------

[4,1,0,6,5,2,7,8]
[0.0005153840931337524,0.33111521855535947,1.0000347678323329e-05,0.7291232011083711]
----------------------------------------------------------------
[1,2,21,15,4,22,9,13,18,5,7,11,23,3,20,12]
[4.1409987618654456e-07,0.20810026637481865,0.9833793210385524,0.9999997959795676,0.49336581021272524,0.2997806873623768,0.9996730930230995,0.5167262502475298]
----------------------------------------------------------------
[7,27,24,21,16,11,3,37,22,36,4,20,1,33,28,17]
[0.30586523648231534,0.6654991837557549,0.2507496584147363,0.2917069921290793,0.5067629061125031,0.999998105616572,0.0355593619995547,0.9759914999227591]
----------------------------------------------------------------
[12,23,26,41,47,44,35,30,5,45,42,32,40,14,24,37]
[0.4551174871957135,0.351902849964285,0.05159280458317315,0.7532461280854853,0.49567618323548346,0.9999993307956687,0.34376656699260694,0.2068196591301782]
----------------------------------------------------------------
[42,47,21,41,3,26,8,39,0,12,35,34,30,11,28,36]
[0.022718819421266967,0.666118110082449,0.4501730336515942,0.9999779380490442,0.16058210467072917,2.4191410141871216e-06,0.34999347336992254,0.2038694284555993]
----------------------------------------------------------------
[13,14,34,41,22,11,7,32,17,15,18,30,29,47,46,42]
[0.16933185021321406,5.857764448852926e-05,0.1288205851302341,0.12078021591190496,0.2376531101595842,0.9999469469554161,0.8508306394553911,0.8644946693547658]
----------------------------------------------------------------
[39,42,19,10,30,8,15,24,34,35,43,41,7,27,14,23]
[0.7420648641920765,0.7240917283353745,0.335309972844179,0.054425538872976964,0.9802886434206767,0.6503238236127736,3.480524769544917e-06,0.29946039249720746]
----------------------------------------------------------------
[41,29,5,14,12,10,25,32,11,28,9,0,19,7,27,17]
[0.9995790468494693,0.7199007609038989,2.442254848211658e-05,0.42748567018040284,0.030735482104970235,0.42010156834826295,0.522449972675753,0.8655386445124996]
----------------------------------------------------------------
[19,27,21,12,1,3,4,41,30,5,20,13,39,17,31,16]
[0.02024933672916074,0.8574230850031719,0.9997779475203185,0.05779793240668718,0.9113231797004129,0.5309588435190998,0.8896533074164681,0.999985043765983]
----------------------------------------------------------------
[47,13,15,34,22,0,40,21,23,11,17,38,25,8,33,43]
[0.00012125700864521342,0.024737017193098287,0.6556136678291786,0.1385124870002279,0.22170406625822425,0.08042785116180251,0.6030292646969794,0.9304296732165568]
----------------------------------------------------------------

[7,4,1,6,5,2,0,3]
[0.37679858611032174,0.43076647485151476,1.3603442908817097e-05,7.256661685522492e-05]
----------------------------------------------------------------
[0,7,20,3,13,14,11,21,2,4,12,22,16,17,19,18]
[0.9209144371154423,5.185744970796615e-06,3.812078448170669e-07,0.07391914680653998,0.4387756078535847,0.20589871207244628,0.9976005505934408,0.8554638128307521]
----------------------------------------------------------------
[25,33,40,7,11,21,45,19,0,9,2,13,16,37,18,29]
[0.3741869980505025,0.4711908201134003,0.9999999999904636,0.36638245636129424,0.12242291036113218,0.042075554174215046,4.351055581119796e-05,0.13120202531205552]
----------------------------------------------------------------
[38,7,14,47,21,5,18,11,26,24,15,16,41,6,40,25]
[0.00015615531276246298,0.9999925748114786,0.5989757959244059,0.3671670092712734,0.9528264731888448,0.20887497173225525,8.752356070822184e-09,0.3144183923764331]
----------------------------------------------------------------
[19,30,8,3,20,26,40,35,41,29,32,7,22,44,12,38]
[0.5379044643040425,0.37397620427643796,0.7252847603633831,2.7115626001572134e-06,0.9999999955161415,0.3655206855327904,0.30537155385532977,0.03302705388285697]
----------------------------------------------------------------
[14,1,24,44,7,8,21,26,9,4,31,0,10,13,19,30]
[0.1343482780770383,0.6604030486049118,9.912607321013733e-07,0.19616448132391706,0.3096093314705834,0.5015186315755937,0.6848048367851697,0.4718540644475528]
----------------------------------------------------------------
[17,5,18,46,15,21,24,10,27,0,28,11,42,37,31,43]
[0.9535087147315392,7.403711214046259e-07,0.9999999999997795,0.2184326821294633,0.15436002965134313,0.9916887237495259,0.8733635042742481,0.8917786008866245]
----------------------------------------------------------------
[43,44,0,23,10,16,24,31,45,3,14,8,18,27,25,22]
[0.3080329285523583,0.19870497749743454,0.999999999787904,0.9171126615026606,0.19819308511928146,1.526426554598892e-14,0.961660905100253,0.372633344145578]
----------------------------------------------------------------
[6,40,4,8,16,30,24,23,0,15,33,41,10,27,35,43]
[0.5168285049892506,0.36385452980167077,0.9837767753736496,0.3103070643500604,0.3205436890156693,1.1030500842395098e-07,0.1153525353068704,0.6646141601729533]
----------------------------------------------------------------
[33,12,15,36,16,44,42,38,45,2,0,21,39,1,11,41]
[0.0005238505653214239,0.36855898538335874,0.5906431968224305,0.8911912972611646,0.9965986633559747,0.9253880858986588,0.9199879140950417,0.70731260804724]
----------------------------------------------------------------

